$ 1 0.000005 10.634267539816555 50 5 50 5e-11
I 64 160 160 160 0 4.0000000000000003e-7 5
M 528 112 592 112 0 2.5
M 528 240 592 240 0 2.5
x 620 116 638 119 4 24 Q
x 620 247 638 250 6 24 Q
x 30 47 36 50 4 24 J
R 64 160 32 160 1 2 50 2.5 2.5 0 0.5
L 256 272 32 272 0 1 false 5 0
x 24 306 38 309 4 24 K
L 256 80 32 80 0 1 false 5 0
x -101 151 -1 154 4 12 JK\q00:\sNo\sChange
x -101 169 -46 172 4 12 JK\q10:\sSet
x -101 187 -33 190 4 12 JK\q01:\sReset
x -101 205 -26 208 4 12 JK\q11:\sToggle
150 160 176 256 176 0 2 0 5
151 256 256 352 256 0 3 5 5
w 64 160 64 192 0
w 64 192 160 192 0
w 256 112 256 176 0
151 256 96 352 96 0 3 5 5
w 256 176 256 240 0
152 352 112 448 112 4 2 5 5
152 352 240 448 240 4 2 0 5
w 352 224 352 192 0
w 352 192 528 112 0
w 352 160 352 128 0
w 448 112 528 112 0
w 352 160 528 240 0
w 448 240 528 240 0
w 528 240 528 368 0
w 528 368 0 368 0
w 0 368 0 96 0
w 0 96 256 96 0
w 256 256 16 256 0
w 16 256 16 -32 0
w 16 -32 528 -32 0
w 528 -32 528 112 0
o 9 64 0 4102 5 0.00009765625 0 2 9 3 J
o 7 64 0 4102 5 0.00009765625 0 2 7 3 K
o 1 64 0 4102 5 0.00009765625 0 1 Q
o 6 64 0 4102 5 0.00009765625 0 2 6 3 clk
